Steel Structure
16  2  36  2  2  3
1  11      0.    0.
           0.    0.
2  11      5.    0.
           0.    0.
3  00      0.   10.
         100.    0.
4  00      5.   10.
           0.    0.
5  00      0.   20.
         100.    0.
6  00      5.   20.
           0.    0.
7  00      0.   30.
         100.    0.
8  00      5.   30.
           0.    0.
9  00      0.   40.
         100.    0.
10 00      5.   40.
           0.    0.
11 00      0.   50.
         100.    0.
12 00      5.   50.
           0.    0.
13 00      0.   60.
         200.    0.
14 00      5.   60.
           0.    0.
15 00      0.   70.
         150.    0.
16 00      5.   70.
           0.    0.
1   1    1    2
2   2    1    3
3   2    2    4
4   1    2    3
5   1    1    4
6   1    3    4
7   2    3    5
8   2    4    6
9   1    4    5
10  1    3    6
11  1    5    6
12  2    5    7
13  2    6    8
14  1    6    7
15  1    5    8
16  1    7    8
17  2    7    9
18  2    8   10
19  1    8    9
20  1    7   10
21  1    9   10
22  2    9   11
23  2   10   12
24  1   10   11
25  1    9   12
26  1   11   12
27  2   11   13
28  2   12   14
29  1   12   13
30  1   11   14
31  1   13   14
32  2   13   15
33  3   14   16
34  1   14   15
35  1   13   16
36  1   15   16
1   0.425  29.E06
2   0.823  29.E06
3   0.823  29.E12